[
  [
    0.3989422804014327,
    0.24197072451914337,
    0.05399096651318806,
    0.0044318484119380075,
    0.00013383022576488537,
    0.0000014867195147342979,
    6.075882849823286e-9,
    9.134720408364595e-12,
    5.052271083536893e-15,
    1.0279773571668917e-18,
    7.69459862670642e-23,
    2.1188192535093538e-27,
    2.1463837356630605e-32,
    7.998827757006813e-38,
    1.0966065593889713e-43,
    5.530709549844416e-50,
    1.0261630727919036e-56,
    7.004182134318583e-64,
    1.758749542595104e-71,
    1.624636036773608e-79,
    5.520948362159764e-88,
    6.902029420127222e-97,
    3.1742815528252627e-106,
    5.370560365020593e-116,
    3.342714441794458e-126,
    7.653929736419393e-137,
    6.447259971397853e-148,
    1.9978892591682797e-159,
    2.277577478736661e-171,
    9.551694541948838e-184,
    1.4736461348785476e-196,
    8.363951605856463e-210,
    1.746366256758777e-223,
    1.3414196673494362e-237,
    3.790526400092868e-252,
    3.940396277136024e-267,
    1.5069047176203946e-282,
    2.120006551524606e-298,
    1.097221052e-314,
    0,
    0,
    0,
    0,
    0,
    0,
    0,
    0,
    0,
    0,
    0,
    0,
    0,
    0,
    0,
    0,
    0,
    0,
    0,
    0,
    0,
    0,
    0,
    0,
    0,
    0,
    0,
    0,
    0,
    0,
    0,
    0,
    0,
    0,
    0,
    0,
    0,
    0,
    0,
    0,
    0,
    0,
    0,
    0,
    0,
    0,
    0,
    0
  ],
  [
    0.24197072451914337,
    0.14676266317373993,
    0.032747176537766653,
    0.0026880519410391467,
    0.00008117213512266658,
    9.017409680794399e-7,
    3.685209233239993e-9,
    5.540487995575833e-12,
    3.064357313344693e-15,
    6.234997846120841e-19,
    4.667009981280168e-23,
    1.2851288396428578e-27,
    1.3018475431881827e-32,
    4.851534276385065e-38,
    6.651254999113939e-44,
    3.354544911946096e-50,
    6.223993655132164e-57,
    4.24825121067569e-64,
    1.0667355203395006e-71,
    9.853915671772148e-80,
    3.3486244523401444e-88,
    4.1862924575457677e-97,
    1.9252990843487487e-106,
    3.257409521222461e-116,
    2.0274587956125397e-126,
    4.642343052424598e-137,
    3.910460843790794e-148,
    1.211781090396121e-159,
    1.3814205707247834e-171,
    5.793395591901789e-184,
    8.938115623708578e-197,
    5.07299308530466e-210,
    1.0592246778117832e-223,
    8.136121557889549e-238,
    2.299070478106481e-252,
    2.389971153500518e-267,
    9.139839125023775e-283,
    1.2858489722913242e-298,
    6.654982086e-315,
    0,
    0,
    0,
    0,
    0,
    0,
    0,
    0,
    0,
    0,
    0,
    0,
    0,
    0,
    0,
    0,
    0,
    0,
    0,
    0,
    0,
    0,
    0,
    0,
    0,
    0,
    0,
    0,
    0,
    0,
    0,
    0,
    0,
    0,
    0,
    0,
    0,
    0,
    0,
    0,
    0,
    0,
    0,
    0,
    0,
    0,
    0,
    0
  ],
  [
    0.05399096651318806,
    0.032747176537766653,
    0.007306882745280776,
    0.0005997854600913624,
    0.000018111951509510584,
    2.0120560661996555e-7,
    8.222813263933119e-10,
    1.2362499737532889e-12,
    6.837505380786135e-16,
    1.3912160679300584e-19,
    1.0413506845373643e-23,
    2.8675100380087668e-28,
    2.904814508004191e-33,
    1.0825236200553962e-38,
    1.484095593140338e-44,
    7.485001434276328e-51,
    1.3887607010324508e-57,
    9.479129729888277e-65,
    2.380208674893714e-72,
    2.1987057819316418e-80,
    7.471791103276046e-89,
    9.340881064803512e-98,
    4.295922930243617e-107,
    7.268263081393879e-117,
    4.523872057593686e-127,
    1.035846748751451e-137,
    8.725417543292038e-149,
    2.703849087649254e-160,
    3.0823659317815624e-172,
    1.2926812862242536e-184,
    1.994363170543278e-197,
    1.1319377595559058e-210,
    2.3634497199331216e-224,
    1.8154141061989872e-238,
    5.129919639724262e-253,
    5.332746462306981e-268,
    2.0393737676974397e-283,
    2.869116871140571e-299,
    1.48492722e-315,
    0,
    0,
    0,
    0,
    0,
    0,
    0,
    0,
    0,
    0,
    0,
    0,
    0,
    0,
    0,
    0,
    0,
    0,
    0,
    0,
    0,
    0,
    0,
    0,
    0,
    0,
    0,
    0,
    0,
    0,
    0,
    0,
    0,
    0,
    0,
    0,
    0,
    0,
    0,
    0,
    0,
    0,
    0,
    0,
    0,
    0,
    0,
    0
  ],
  [
    0.0044318484119380075,
    0.0026880519410391467,
    0.0005997854600913624,
    0.000049233388666234,
    0.0000014867195147342979,
    1.6515961942520597e-8,
    6.749696154545269e-11,
    1.0147757739433362e-13,
    5.612566197727305e-17,
    1.1419796902158474e-20,
    8.547926950724563e-25,
    2.3537955752396558e-29,
    2.384416948922053e-34,
    8.885894986258515e-40,
    1.218219847206589e-45,
    6.144063324324529e-52,
    1.1399642023317346e-58,
    7.780943508336374e-66,
    1.9537942580324248e-73,
    1.8048076108421714e-81,
    6.133219624304734e-90,
    7.667462093503985e-99,
    3.526308278174225e-108,
    5.966153650343509e-118,
    3.7134203162227197e-128,
    8.502747894583289e-139,
    7.162258870340695e-150,
    2.2194544863891904e-161,
    2.5301600326864212e-173,
    1.0610974160085758e-185,
    1.6370729810959941e-198,
    9.291510943548562e-212,
    1.940037670083643e-225,
    1.4901826440915033e-239,
    4.210894465674775e-254,
    4.377384860200697e-269,
    1.6740199291505965e-284,
    2.3551145441937855e-300,
    1.2189025e-316,
    0,
    0,
    0,
    0,
    0,
    0,
    0,
    0,
    0,
    0,
    0,
    0,
    0,
    0,
    0,
    0,
    0,
    0,
    0,
    0,
    0,
    0,
    0,
    0,
    0,
    0,
    0,
    0,
    0,
    0,
    0,
    0,
    0,
    0,
    0,
    0,
    0,
    0,
    0,
    0,
    0,
    0,
    0,
    0,
    0,
    0,
    0,
    0
  ],
  [
    0.00013383022576488537,
    0.00008117213512266658,
    0.000018111951509510584,
    0.0000014867195147342979,
    4.4895039227874893e-8,
    4.987388353667147e-10,
    2.0382316276295224e-12,
    3.064357313344693e-15,
    1.6948481345591569e-18,
    3.448479856594845e-22,
    2.581250275969994e-26,
    7.107846748326862e-31,
    7.200315284527407e-36,
    2.68330777950506e-41,
    3.678705181877563e-47,
    1.8553463597563262e-53,
    3.4423936105528855e-60,
    2.3496413450863354e-67,
    5.899947433812942e-75,
    5.450046742811965e-83,
    1.8520718460841828e-91,
    2.3153729271363275e-100,
    1.0648528314132286e-109,
    1.8016222933588809e-119,
    1.1213557709720468e-129,
    2.5676073831604296e-140,
    2.1628147727757972e-151,
    6.702171811387935e-163,
    7.640421262685777e-175,
    3.2042365519642367e-187,
    4.94353205004737e-200,
    2.8057931853500426e-213,
    5.85840613772572e-227,
    4.4999616672915515e-241,
    1.2715799473090015e-255,
    1.3218556901053252e-270,
    5.055102165716302e-286,
    7.111829689449861e-302,
    3.68077e-318,
    0,
    0,
    0,
    0,
    0,
    0,
    0,
    0,
    0,
    0,
    0,
    0,
    0,
    0,
    0,
    0,
    0,
    0,
    0,
    0,
    0,
    0,
    0,
    0,
    0,
    0,
    0,
    0,
    0,
    0,
    0,
    0,
    0,
    0,
    0,
    0,
    0,
    0,
    0,
    0,
    0,
    0,
    0,
    0,
    0,
    0,
    0,
    0
  ],
  [
    0.0000014867195147342979,
    9.017409680794399e-7,
    2.0120560661996555e-7,
    1.6515961942520597e-8,
    4.987388353667147e-10,
    5.540487995575833e-12,
    2.2642708095472346e-14,
    3.404193478588369e-17,
    1.8828062059664104e-20,
    3.830915078911045e-24,
    2.8675100380087668e-28,
    7.896104492151995e-33,
    7.998827757006813e-38,
    2.980885683356036e-43,
    4.086672313069188e-49,
    2.0611036287773493e-55,
    3.8241538702899436e-62,
    2.61021575686751e-69,
    6.554249561803956e-77,
    6.054455039915688e-85,
    2.057465972672523e-93,
    2.5721469832297415e-102,
    1.1829446417907074e-111,
    2.0014215820143974e-121,
    1.24571373778665e-131,
    2.8523541531094596e-142,
    2.402670182362565e-153,
    7.445440345141375e-165,
    8.48774133578892e-177,
    3.559585276348017e-189,
    5.491768043066613e-202,
    3.116954678307748e-215,
    6.50810135036125e-229,
    4.999005858416492e-243,
    1.4125977232754035e-257,
    1.4684490285435951e-272,
    5.615711245940358e-288,
    7.900529140066737e-304,
    4.089e-320,
    0,
    0,
    0,
    0,
    0,
    0,
    0,
    0,
    0,
    0,
    0,
    0,
    0,
    0,
    0,
    0,
    0,
    0,
    0,
    0,
    0,
    0,
    0,
    0,
    0,
    0,
    0,
    0,
    0,
    0,
    0,
    0,
    0,
    0,
    0,
    0,
    0,
    0,
    0,
    0,
    0,
    0,
    0,
    0,
    0,
    0,
    0,
    0
  ],
  [
    6.075882849823286e-9,
    3.685209233239993e-9,
    8.222813263933119e-10,
    6.749696154545269e-11,
    2.0382316276295224e-12,
    2.2642708095472346e-14,
    9.25355727340555e-17,
    1.3912160679300584e-19,
    7.69459862670642e-23,
    1.5656074327674978e-26,
    1.1718858122843238e-30,
    3.226957431365459e-35,
    3.2689380818529033e-40,
    1.218219847206589e-45,
    1.670129568741304e-51,
    8.423259441801916e-58,
    1.562844281339276e-64,
    1.0667355203395006e-71,
    2.6785719909746037e-79,
    2.4743173932592252e-87,
    8.408393172729757e-96,
    1.0511776826594823e-104,
    4.83442437535437e-114,
    8.179352557702008e-124,
    5.0909473240887975e-134,
    1.1656919485312103e-144,
    9.819163877328582e-156,
    3.0427812949311816e-167,
    3.468745886817301e-179,
    1.4547211440156297e-191,
    2.2443600785074335e-204,
    1.273828135429506e-217,
    2.659712271728578e-231,
    2.0429794362891065e-245,
    5.772964029521286e-260,
    6.00121554869227e-275,
    2.2950128326570516e-290,
    3.2287656838377816e-306,
    1.7e-322,
    0,
    0,
    0,
    0,
    0,
    0,
    0,
    0,
    0,
    0,
    0,
    0,
    0,
    0,
    0,
    0,
    0,
    0,
    0,
    0,
    0,
    0,
    0,
    0,
    0,
    0,
    0,
    0,
    0,
    0,
    0,
    0,
    0,
    0,
    0,
    0,
    0,
    0,
    0,
    0,
    0,
    0,
    0,
    0,
    0,
    0,
    0,
    0
  ],
  [
    9.134720408364595e-12,
    5.540487995575833e-12,
    1.2362499737532889e-12,
    1.0147757739433362e-13,
    3.064357313344693e-15,
    3.404193478588369e-17,
    1.3912160679300584e-19,
    2.0916087624261987e-22,
    1.1568361149621838e-25,
    2.3537955752396558e-29,
    1.7618590598826108e-33,
    4.851534276385065e-38,
    4.914649631674583e-43,
    1.8315194639535358e-48,
    2.5109382509964073e-54,
    1.2663858377423392e-60,
    2.3496413450863354e-67,
    1.6037719898197298e-74,
    4.0270701124431874e-82,
    3.7199857448920204e-90,
    1.2641507845846954e-98,
    1.5803817268936066e-107,
    7.268263081393879e-117,
    1.2297159208430547e-126,
    7.653929736419393e-137,
    1.7525469623602167e-147,
    1.4762515815445414e-158,
    4.5746366544585886e-170,
    5.2150485167208765e-182,
    2.1870847827662697e-194,
    3.374258905182297e-207,
    1.915123143922262e-220,
    3.99871567136016e-234,
    3.0714953549642703e-248,
    8.679300381632038e-263,
    9.022462661410368e-278,
    3.45041224100309e-293,
    4.854252874022754e-309,
    0,
    0,
    0,
    0,
    0,
    0,
    0,
    0,
    0,
    0,
    0,
    0,
    0,
    0,
    0,
    0,
    0,
    0,
    0,
    0,
    0,
    0,
    0,
    0,
    0,
    0,
    0,
    0,
    0,
    0,
    0,
    0,
    0,
    0,
    0,
    0,
    0,
    0,
    0,
    0,
    0,
    0,
    0,
    0,
    0,
    0,
    0,
    0,
    0
  ],
  [
    5.052271083536893e-15,
    3.064357313344693e-15,
    6.837505380786135e-16,
    5.612566197727305e-17,
    1.6948481345591569e-18,
    1.8828062059664104e-20,
    7.69459862670642e-23,
    1.1568361149621838e-25,
    6.398279740081262e-29,
    1.3018475431881827e-32,
    9.74456708424428e-37,
    2.68330777950506e-41,
    2.7182158960320193e-46,
    1.0129847891342391e-51,
    1.3887607010324508e-57,
    7.004182134318583e-64,
    1.2995499034203843e-70,
    8.87021220850183e-78,
    2.2273095366818053e-85,
    2.057465972672523e-93,
    6.991820404639159e-102,
    8.74084432012096e-111,
    4.0199627084414855e-120,
    6.801366555402441e-130,
    4.233268907423294e-140,
    9.693063328314996e-151,
    8.164916761583058e-162,
    2.5301600326864212e-173,
    2.8843618241609602e-185,
    1.2096424095361936e-197,
    1.8662498612884693e-210,
    1.0592246778117832e-223,
    2.2116271384945055e-237,
    1.6987960738124098e-251,
    4.800385384898807e-266,
    4.990183078268499e-281,
    1.9083690810655691e-296,
    2.68481139337e-312,
    0,
    0,
    0,
    0,
    0,
    0,
    0,
    0,
    0,
    0,
    0,
    0,
    0,
    0,
    0,
    0,
    0,
    0,
    0,
    0,
    0,
    0,
    0,
    0,
    0,
    0,
    0,
    0,
    0,
    0,
    0,
    0,
    0,
    0,
    0,
    0,
    0,
    0,
    0,
    0,
    0,
    0,
    0,
    0,
    0,
    0,
    0,
    0,
    0
  ],
  [
    1.0279773571668917e-18,
    6.234997846120841e-19,
    1.3912160679300584e-19,
    1.1419796902158474e-20,
    3.448479856594845e-22,
    3.830915078911045e-24,
    1.5656074327674978e-26,
    2.3537955752396558e-29,
    1.3018475431881827e-32,
    2.648847963130137e-36,
    1.982711171345992e-40,
    5.459682574494677e-45,
    5.530709549844416e-50,
    2.0611036287773493e-55,
    2.825688747851516e-61,
    1.4251295151232944e-67,
    2.6441729929688575e-74,
    1.8048076108421714e-81,
    4.5318703871050056e-89,
    4.1862924575457677e-97,
    1.422614294147272e-105,
    1.7784853375909646e-114,
    8.179352557702008e-124,
    1.3838629600712779e-133,
    8.613363201768893e-144,
    1.972231786129138e-154,
    1.6613022965869756e-165,
    5.148075351866243e-177,
    5.868763959985969e-189,
    2.4612396815443503e-201,
    3.7972281544270575e-214,
    2.155187176101886e-227,
    4.4999616672915515e-241,
    3.456512664202969e-255,
    9.767265848878936e-270,
    1.0153444119998072e-284,
    3.8829274439475314e-300,
    5.46274195e-316,
    0,
    0,
    0,
    0,
    0,
    0,
    0,
    0,
    0,
    0,
    0,
    0,
    0,
    0,
    0,
    0,
    0,
    0,
    0,
    0,
    0,
    0,
    0,
    0,
    0,
    0,
    0,
    0,
    0,
    0,
    0,
    0,
    0,
    0,
    0,
    0,
    0,
    0,
    0,
    0,
    0,
    0,
    0,
    0,
    0,
    0,
    0,
    0,
    0
  ],
  [
    7.69459862670642e-23,
    4.667009981280168e-23,
    1.0413506845373643e-23,
    8.547926950724563e-25,
    2.581250275969994e-26,
    2.8675100380087668e-28,
    1.1718858122843238e-30,
    1.7618590598826108e-33,
    9.74456708424428e-37,
    1.982711171345992e-40,
    1.484095593140338e-44,
    4.086672313069188e-49,
    4.139837303832354e-54,
    1.5427737820216454e-59,
    2.1150797346977138e-65,
    1.0667355203395006e-71,
    1.979211870633571e-78,
    1.3509315226678553e-85,
    3.392187912886917e-93,
    3.1335165089237984e-101,
    1.0648528314132286e-109,
    1.3312288194712865e-118,
    6.122395062406394e-128,
    1.035846748751451e-137,
    6.447259971397853e-148,
    1.4762515815445414e-158,
    1.2435151689617461e-169,
    3.853428604869563e-181,
    4.392877215839378e-193,
    1.8422829395581607e-205,
    2.842294758599614e-218,
    1.6131970388173216e-231,
    3.3683036522128072e-245,
    2.5872629794560345e-259,
    7.310977217882337e-274,
    7.600038720443694e-289,
    2.906442245006447e-304,
    4.089e-320,
    0,
    0,
    0,
    0,
    0,
    0,
    0,
    0,
    0,
    0,
    0,
    0,
    0,
    0,
    0,
    0,
    0,
    0,
    0,
    0,
    0,
    0,
    0,
    0,
    0,
    0,
    0,
    0,
    0,
    0,
    0,
    0,
    0,
    0,
    0,
    0,
    0,
    0,
    0,
    0,
    0,
    0,
    0,
    0,
    0,
    0,
    0,
    0,
    0
  ],
  [
    2.1188192535093538e-27,
    1.2851288396428578e-27,
    2.8675100380087668e-28,
    2.3537955752396558e-29,
    7.107846748326862e-31,
    7.896104492151995e-33,
    3.226957431365459e-35,
    4.851534276385065e-38,
    2.68330777950506e-41,
    5.459682574494677e-45,
    4.086672313069188e-49,
    1.1253244515784375e-53,
    1.1399642023317346e-58,
    4.24825121067569e-64,
    5.824178598518025e-70,
    2.937410862540484e-76,
    5.450046742811965e-83,
    3.7199857448920204e-90,
    9.340881064803512e-98,
    8.628591863457672e-106,
    2.9322266057145217e-114,
    3.665731496029478e-123,
    1.6858902153509575e-132,
    2.8523541531094596e-142,
    1.7753464764704929e-152,
    4.06507269026854e-163,
    3.42419924657574e-174,
    1.0610974160085758e-185,
    1.2096424095361936e-197,
    5.07299308530466e-210,
    7.826670565723009e-223,
    4.442171855055528e-236,
    9.275112291372632e-250,
    7.124403598826701e-264,
    2.0131835385737236e-278,
    2.0927808128161501e-293,
    8.003309966758546e-309,
    0,
    0,
    0,
    0,
    0,
    0,
    0,
    0,
    0,
    0,
    0,
    0,
    0,
    0,
    0,
    0,
    0,
    0,
    0,
    0,
    0,
    0,
    0,
    0,
    0,
    0,
    0,
    0,
    0,
    0,
    0,
    0,
    0,
    0,
    0,
    0,
    0,
    0,
    0,
    0,
    0,
    0,
    0,
    0,
    0,
    0,
    0,
    0,
    0,
    0
  ],
  [
    2.1463837356630605e-32,
    1.3018475431881827e-32,
    2.904814508004191e-33,
    2.384416948922053e-34,
    7.200315284527407e-36,
    7.998827757006813e-38,
    3.2689380818529033e-40,
    4.914649631674583e-43,
    2.7182158960320193e-46,
    5.530709549844416e-50,
    4.139837303832354e-54,
    1.1399642023317346e-58,
    1.1547944068708869e-63,
    4.3035182394640974e-69,
    5.899947433812942e-75,
    2.975624697516967e-81,
    5.520948362159764e-88,
    3.768380378132815e-95,
    9.462399948013686e-103,
    8.74084432012096e-111,
    2.9703729968283336e-119,
    3.7134203162227197e-128,
    1.7078225678520886e-137,
    2.889461454744186e-147,
    1.798442597664533e-157,
    4.117956683765786e-168,
    3.468745886817301e-179,
    1.0749016141432062e-190,
    1.2253790829474823e-202,
    5.138989477934259e-215,
    7.928490539642206e-228,
    4.4999616672915515e-241,
    9.395775564941492e-255,
    7.217087529053597e-269,
    2.0393737676974397e-283,
    2.120006551524606e-298,
    8.107427906e-314,
    0,
    0,
    0,
    0,
    0,
    0,
    0,
    0,
    0,
    0,
    0,
    0,
    0,
    0,
    0,
    0,
    0,
    0,
    0,
    0,
    0,
    0,
    0,
    0,
    0,
    0,
    0,
    0,
    0,
    0,
    0,
    0,
    0,
    0,
    0,
    0,
    0,
    0,
    0,
    0,
    0,
    0,
    0,
    0,
    0,
    0,
    0,
    0,
    0,
    0
  ],
  [
    7.998827757006813e-38,
    4.851534276385065e-38,
    1.0825236200553962e-38,
    8.885894986258515e-40,
    2.68330777950506e-41,
    2.980885683356036e-43,
    1.218219847206589e-45,
    1.8315194639535358e-48,
    1.0129847891342391e-51,
    2.0611036287773493e-55,
    1.5427737820216454e-59,
    4.24825121067569e-64,
    4.3035182394640974e-69,
    1.6037719898197298e-74,
    2.1987057819316418e-80,
    1.1089121217917242e-86,
    2.057465972672523e-93,
    1.4043446689767678e-100,
    3.526308278174225e-108,
    3.257409521222461e-116,
    1.1069549950887137e-124,
    1.3838629600712779e-133,
    6.364462389833528e-143,
    1.0768020695921473e-152,
    6.702171811387935e-163,
    1.5346196338038332e-173,
    1.2926812862242536e-184,
    4.0057855100192635e-196,
    4.566562846465088e-208,
    1.915123143922262e-220,
    2.954673441935336e-233,
    1.6769796421644483e-246,
    3.501479681322848e-260,
    2.6895582133317e-274,
    7.600038720443694e-289,
    7.900529140066737e-304,
    3.02136e-319,
    0,
    0,
    0,
    0,
    0,
    0,
    0,
    0,
    0,
    0,
    0,
    0,
    0,
    0,
    0,
    0,
    0,
    0,
    0,
    0,
    0,
    0,
    0,
    0,
    0,
    0,
    0,
    0,
    0,
    0,
    0,
    0,
    0,
    0,
    0,
    0,
    0,
    0,
    0,
    0,
    0,
    0,
    0,
    0,
    0,
    0,
    0,
    0,
    0,
    0
  ],
  [
    1.0966065593889713e-43,
    6.651254999113939e-44,
    1.484095593140338e-44,
    1.218219847206589e-45,
    3.678705181877563e-47,
    4.086672313069188e-49,
    1.670129568741304e-51,
    2.5109382509964073e-54,
    1.3887607010324508e-57,
    2.825688747851516e-61,
    2.1150797346977138e-65,
    5.824178598518025e-70,
    5.899947433812942e-75,
    2.1987057819316418e-80,
    3.0143356700244075e-86,
    1.5202731493718186e-92,
    2.820701670161463e-99,
    1.9252990843487487e-106,
    4.83442437535437e-114,
    4.465775181193963e-122,
    1.5175900087351215e-130,
    1.897219499420094e-139,
    8.725417543292038e-149,
    1.4762515815445414e-158,
    9.188403343329569e-169,
    2.1039007311067812e-179,
    1.772213155147806e-190,
    5.491768043066613e-202,
    6.260570827905281e-214,
    2.6255554757046796e-226,
    4.050736402518986e-239,
    2.299070478106481e-252,
    4.800385384898807e-266,
    3.6872742709260383e-280,
    1.0419342140663154e-294,
    1.08313022118167e-309,
    0,
    0,
    0,
    0,
    0,
    0,
    0,
    0,
    0,
    0,
    0,
    0,
    0,
    0,
    0,
    0,
    0,
    0,
    0,
    0,
    0,
    0,
    0,
    0,
    0,
    0,
    0,
    0,
    0,
    0,
    0,
    0,
    0,
    0,
    0,
    0,
    0,
    0,
    0,
    0,
    0,
    0,
    0,
    0,
    0,
    0,
    0,
    0,
    0,
    0,
    0
  ],
  [
    5.530709549844416e-50,
    3.354544911946096e-50,
    7.485001434276328e-51,
    6.144063324324529e-52,
    1.8553463597563262e-53,
    2.0611036287773493e-55,
    8.423259441801916e-58,
    1.2663858377423392e-60,
    7.004182134318583e-64,
    1.4251295151232944e-67,
    1.0667355203395006e-71,
    2.937410862540484e-76,
    2.975624697516967e-81,
    1.1089121217917242e-86,
    1.5202731493718186e-92,
    7.667462093503985e-99,
    1.422614294147272e-105,
    9.710200929353867e-113,
    2.438230633571199e-120,
    2.2523032741888616e-128,
    7.653929736419393e-137,
    9.568582199107431e-146,
    4.400643942888184e-155,
    7.445440345141375e-165,
    4.634149748939236e-175,
    1.0610974160085758e-185,
    8.938115623708578e-197,
    2.769760375885671e-208,
    3.157504263394736e-220,
    1.3241927671139747e-232,
    2.0429794362891065e-245,
    1.1595308217118406e-258,
    2.421063148298765e-272,
    1.8596681597882611e-286,
    5.254970854138557e-301,
    5.46274195e-316,
    0,
    0,
    0,
    0,
    0,
    0,
    0,
    0,
    0,
    0,
    0,
    0,
    0,
    0,
    0,
    0,
    0,
    0,
    0,
    0,
    0,
    0,
    0,
    0,
    0,
    0,
    0,
    0,
    0,
    0,
    0,
    0,
    0,
    0,
    0,
    0,
    0,
    0,
    0,
    0,
    0,
    0,
    0,
    0,
    0,
    0,
    0,
    0,
    0,
    0,
    0
  ],
  [
    1.0261630727919036e-56,
    6.223993655132164e-57,
    1.3887607010324508e-57,
    1.1399642023317346e-58,
    3.4423936105528855e-60,
    3.8241538702899436e-62,
    1.562844281339276e-64,
    2.3496413450863354e-67,
    1.2995499034203843e-70,
    2.6441729929688575e-74,
    1.979211870633571e-78,
    5.450046742811965e-83,
    5.520948362159764e-88,
    2.057465972672523e-93,
    2.820701670161463e-99,
    1.422614294147272e-105,
    2.639506273694875e-112,
    1.8016222933588809e-119,
    4.523872057593686e-127,
    4.178904040921702e-135,
    1.4201035123022134e-143,
    1.7753464764704929e-152,
    8.164916761583058e-162,
    1.3814205707247834e-171,
    8.598161417250862e-182,
    1.968750980556445e-192,
    1.6583702526291824e-203,
    5.138989477934259e-215,
    5.85840613772572e-227,
    2.45689582254182e-239,
    3.790526400092868e-252,
    2.1513834712911567e-265,
    4.492019653701376e-279,
    3.45041224100309e-293,
    9.750027533567389e-308,
    1e-322,
    0,
    0,
    0,
    0,
    0,
    0,
    0,
    0,
    0,
    0,
    0,
    0,
    0,
    0,
    0,
    0,
    0,
    0,
    0,
    0,
    0,
    0,
    0,
    0,
    0,
    0,
    0,
    0,
    0,
    0,
    0,
    0,
    0,
    0,
    0,
    0,
    0,
    0,
    0,
    0,
    0,
    0,
    0,
    0,
    0,
    0,
    0,
    0,
    0,
    0,
    0
  ],
  [
    7.004182134318583e-64,
    4.24825121067569e-64,
    9.479129729888277e-65,
    7.780943508336374e-66,
    2.3496413450863354e-67,
    2.61021575686751e-69,
    1.0667355203395006e-71,
    1.6037719898197298e-74,
    8.87021220850183e-78,
    1.8048076108421714e-81,
    1.3509315226678553e-85,
    3.7199857448920204e-90,
    3.768380378132815e-95,
    1.4043446689767678e-100,
    1.9252990843487487e-106,
    9.710200929353867e-113,
    1.8016222933588809e-119,
    1.2297159208430547e-126,
    3.0878156390418444e-134,
    2.8523541531094596e-142,
    9.693063328314996e-151,
    1.211781090396121e-159,
    5.57304834153545e-169,
    9.429028911677525e-179,
    5.868763959985969e-189,
    1.3437913340048656e-199,
    1.1319377595559058e-210,
    3.507670393153745e-222,
    3.99871567136016e-234,
    1.6769796421644483e-246,
    2.5872629794560345e-259,
    1.4684490285435951e-272,
    3.0660744514866706e-286,
    2.3551145441937855e-300,
    6.654982086e-315,
    0,
    0,
    0,
    0,
    0,
    0,
    0,
    0,
    0,
    0,
    0,
    0,
    0,
    0,
    0,
    0,
    0,
    0,
    0,
    0,
    0,
    0,
    0,
    0,
    0,
    0,
    0,
    0,
    0,
    0,
    0,
    0,
    0,
    0,
    0,
    0,
    0,
    0,
    0,
    0,
    0,
    0,
    0,
    0,
    0,
    0,
    0,
    0,
    0,
    0,
    0,
    0
  ],
  [
    1.758749542595104e-71,
    1.0667355203395006e-71,
    2.380208674893714e-72,
    1.9537942580324248e-73,
    5.899947433812942e-75,
    6.554249561803956e-77,
    2.6785719909746037e-79,
    4.0270701124431874e-82,
    2.2273095366818053e-85,
    4.5318703871050056e-89,
    3.392187912886917e-93,
    9.340881064803512e-98,
    9.462399948013686e-103,
    3.526308278174225e-108,
    4.83442437535437e-114,
    2.438230633571199e-120,
    4.523872057593686e-127,
    3.0878156390418444e-134,
    7.753502462727134e-142,
    7.162258870340695e-150,
    2.4339273833971903e-158,
    3.0427812949311816e-167,
    1.3993919680515913e-176,
    2.367628363670786e-186,
    1.4736461348785476e-196,
    3.374258905182297e-207,
    2.842294758599614e-218,
    8.807757395837215e-230,
    1.0040771674845592e-241,
    4.210894465674775e-254,
    6.496615157101761e-267,
    3.6872742709260383e-280,
    7.698910359131222e-294,
    5.913690632150969e-308,
    1.7e-322,
    0,
    0,
    0,
    0,
    0,
    0,
    0,
    0,
    0,
    0,
    0,
    0,
    0,
    0,
    0,
    0,
    0,
    0,
    0,
    0,
    0,
    0,
    0,
    0,
    0,
    0,
    0,
    0,
    0,
    0,
    0,
    0,
    0,
    0,
    0,
    0,
    0,
    0,
    0,
    0,
    0,
    0,
    0,
    0,
    0,
    0,
    0,
    0,
    0,
    0,
    0,
    0
  ],
  [
    1.624636036773608e-79,
    9.853915671772148e-80,
    2.1987057819316418e-80,
    1.8048076108421714e-81,
    5.450046742811965e-83,
    6.054455039915688e-85,
    2.4743173932592252e-87,
    3.7199857448920204e-90,
    2.057465972672523e-93,
    4.1862924575457677e-97,
    3.1335165089237984e-101,
    8.628591863457672e-106,
    8.74084432012096e-111,
    3.257409521222461e-116,
    4.465775181193963e-122,
    2.2523032741888616e-128,
    4.178904040921702e-135,
    2.8523541531094596e-142,
    7.162258870340695e-150,
    6.6161005780774545e-158,
    2.2483281685023347e-166,
    2.8107539044312496e-175,
    1.2926812862242536e-184,
    2.1870847827662697e-194,
    1.3612731990498113e-204,
    3.116954678307748e-215,
    2.6255554757046796e-226,
    8.136121557889549e-238,
    9.275112291372632e-250,
    3.88979256585413e-262,
    6.00121554869227e-275,
    3.40610104675586e-288,
    7.111829689449861e-302,
    5.46274195e-316,
    0,
    0,
    0,
    0,
    0,
    0,
    0,
    0,
    0,
    0,
    0,
    0,
    0,
    0,
    0,
    0,
    0,
    0,
    0,
    0,
    0,
    0,
    0,
    0,
    0,
    0,
    0,
    0,
    0,
    0,
    0,
    0,
    0,
    0,
    0,
    0,
    0,
    0,
    0,
    0,
    0,
    0,
    0,
    0,
    0,
    0,
    0,
    0,
    0,
    0,
    0,
    0,
    0
  ],
  [
    5.520948362159764e-88,
    3.3486244523401444e-88,
    7.471791103276046e-89,
    6.133219624304734e-90,
    1.8520718460841828e-91,
    2.057465972672523e-93,
    8.408393172729757e-96,
    1.2641507845846954e-98,
    6.991820404639159e-102,
    1.422614294147272e-105,
    1.0648528314132286e-109,
    2.9322266057145217e-114,
    2.9703729968283336e-119,
    1.1069549950887137e-124,
    1.5175900087351215e-130,
    7.653929736419393e-137,
    1.4201035123022134e-143,
    9.693063328314996e-151,
    2.4339273833971903e-158,
    2.2483281685023347e-166,
    7.640421262685777e-175,
    9.551694541948838e-184,
    4.392877215839378e-193,
    7.432299835781982e-203,
    4.6259709058720826e-213,
    1.0592246778117832e-223,
    8.922340681386287e-235,
    2.7648720065676156e-246,
    3.151931562197481e-258,
    1.3218556901053252e-270,
    2.0393737676974397e-283,
    1.1574843577138916e-296,
    2.41679019713874e-310,
    0,
    0,
    0,
    0,
    0,
    0,
    0,
    0,
    0,
    0,
    0,
    0,
    0,
    0,
    0,
    0,
    0,
    0,
    0,
    0,
    0,
    0,
    0,
    0,
    0,
    0,
    0,
    0,
    0,
    0,
    0,
    0,
    0,
    0,
    0,
    0,
    0,
    0,
    0,
    0,
    0,
    0,
    0,
    0,
    0,
    0,
    0,
    0,
    0,
    0,
    0,
    0,
    0,
    0
  ],
  [
    6.902029420127222e-97,
    4.1862924575457677e-97,
    9.340881064803512e-98,
    7.667462093503985e-99,
    2.3153729271363275e-100,
    2.5721469832297415e-102,
    1.0511776826594823e-104,
    1.5803817268936066e-107,
    8.74084432012096e-111,
    1.7784853375909646e-114,
    1.3312288194712865e-118,
    3.665731496029478e-123,
    3.7134203162227197e-128,
    1.3838629600712779e-133,
    1.897219499420094e-139,
    9.568582199107431e-146,
    1.7753464764704929e-152,
    1.211781090396121e-159,
    3.0427812949311816e-167,
    2.8107539044312496e-175,
    9.551694541948838e-184,
    1.1941078310467947e-192,
    5.491768043066613e-202,
    9.291510943548562e-212,
    5.78317078779766e-222,
    1.3241927671139747e-232,
    1.1154289777714107e-243,
    3.456512664202969e-255,
    3.940396277136024e-267,
    1.652521679934798e-279,
    2.5495289613208857e-292,
    1.4470323875938395e-305,
    3.02136e-319,
    0,
    0,
    0,
    0,
    0,
    0,
    0,
    0,
    0,
    0,
    0,
    0,
    0,
    0,
    0,
    0,
    0,
    0,
    0,
    0,
    0,
    0,
    0,
    0,
    0,
    0,
    0,
    0,
    0,
    0,
    0,
    0,
    0,
    0,
    0,
    0,
    0,
    0,
    0,
    0,
    0,
    0,
    0,
    0,
    0,
    0,
    0,
    0,
    0,
    0,
    0,
    0,
    0,
    0
  ],
  [
    3.1742815528252627e-106,
    1.9252990843487487e-106,
    4.295922930243617e-107,
    3.526308278174225e-108,
    1.0648528314132286e-109,
    1.1829446417907074e-111,
    4.83442437535437e-114,
    7.268263081393879e-117,
    4.0199627084414855e-120,
    8.179352557702008e-124,
    6.122395062406394e-128,
    1.6858902153509575e-132,
    1.7078225678520886e-137,
    6.364462389833528e-143,
    8.725417543292038e-149,
    4.400643942888184e-155,
    8.164916761583058e-162,
    5.57304834153545e-169,
    1.3993919680515913e-176,
    1.2926812862242536e-184,
    4.392877215839378e-193,
    5.491768043066613e-202,
    2.5256945356776413e-211,
    4.273217338073388e-221,
    2.659712271728578e-231,
    6.09003586796802e-242,
    5.129919639724262e-253,
    1.5896693159682517e-264,
    1.8122100692384e-276,
    7.600038720443694e-289,
    1.1725424882592674e-301,
    6.654982086e-315,
    0,
    0,
    0,
    0,
    0,
    0,
    0,
    0,
    0,
    0,
    0,
    0,
    0,
    0,
    0,
    0,
    0,
    0,
    0,
    0,
    0,
    0,
    0,
    0,
    0,
    0,
    0,
    0,
    0,
    0,
    0,
    0,
    0,
    0,
    0,
    0,
    0,
    0,
    0,
    0,
    0,
    0,
    0,
    0,
    0,
    0,
    0,
    0,
    0,
    0,
    0,
    0,
    0,
    0,
    0
  ],
  [
    5.370560365020593e-116,
    3.257409521222461e-116,
    7.268263081393879e-117,
    5.966153650343509e-118,
    1.8016222933588809e-119,
    2.0014215820143974e-121,
    8.179352557702008e-124,
    1.2297159208430547e-126,
    6.801366555402441e-130,
    1.3838629600712779e-133,
    1.035846748751451e-137,
    2.8523541531094596e-142,
    2.889461454744186e-147,
    1.0768020695921473e-152,
    1.4762515815445414e-158,
    7.445440345141375e-165,
    1.3814205707247834e-171,
    9.429028911677525e-179,
    2.367628363670786e-186,
    2.1870847827662697e-194,
    7.432299835781982e-203,
    9.291510943548562e-212,
    4.273217338073388e-221,
    7.229847537169322e-231,
    4.4999616672915515e-241,
    1.0303719033666726e-251,
    8.679300381632038e-263,
    2.6895582133317e-274,
    3.0660744514866706e-286,
    1.2858489722913242e-298,
    1.983822200064e-311,
    0,
    0,
    0,
    0,
    0,
    0,
    0,
    0,
    0,
    0,
    0,
    0,
    0,
    0,
    0,
    0,
    0,
    0,
    0,
    0,
    0,
    0,
    0,
    0,
    0,
    0,
    0,
    0,
    0,
    0,
    0,
    0,
    0,
    0,
    0,
    0,
    0,
    0,
    0,
    0,
    0,
    0,
    0,
    0,
    0,
    0,
    0,
    0,
    0,
    0,
    0,
    0,
    0,
    0,
    0,
    0
  ],
  [
    3.342714441794458e-126,
    2.0274587956125397e-126,
    4.523872057593686e-127,
    3.7134203162227197e-128,
    1.1213557709720468e-129,
    1.24571373778665e-131,
    5.0909473240887975e-134,
    7.653929736419393e-137,
    4.233268907423294e-140,
    8.613363201768893e-144,
    6.447259971397853e-148,
    1.7753464764704929e-152,
    1.798442597664533e-157,
    6.702171811387935e-163,
    9.188403343329569e-169,
    4.634149748939236e-175,
    8.598161417250862e-182,
    5.868763959985969e-189,
    1.4736461348785476e-196,
    1.3612731990498113e-204,
    4.6259709058720826e-213,
    5.78317078779766e-222,
    2.659712271728578e-231,
    4.4999616672915515e-241,
    2.8008412214763854e-251,
    6.413183741934932e-262,
    5.402122080093652e-273,
    1.6740199291505965e-284,
    1.9083690810655691e-296,
    8.003309966758546e-309,
    1.235e-321,
    0,
    0,
    0,
    0,
    0,
    0,
    0,
    0,
    0,
    0,
    0,
    0,
    0,
    0,
    0,
    0,
    0,
    0,
    0,
    0,
    0,
    0,
    0,
    0,
    0,
    0,
    0,
    0,
    0,
    0,
    0,
    0,
    0,
    0,
    0,
    0,
    0,
    0,
    0,
    0,
    0,
    0,
    0,
    0,
    0,
    0,
    0,
    0,
    0,
    0,
    0,
    0,
    0,
    0,
    0,
    0
  ],
  [
    7.653929736419393e-137,
    4.642343052424598e-137,
    1.035846748751451e-137,
    8.502747894583289e-139,
    2.5676073831604296e-140,
    2.8523541531094596e-142,
    1.1656919485312103e-144,
    1.7525469623602167e-147,
    9.693063328314996e-151,
    1.972231786129138e-154,
    1.4762515815445414e-158,
    4.06507269026854e-163,
    4.117956683765786e-168,
    1.5346196338038332e-173,
    2.1039007311067812e-179,
    1.0610974160085758e-185,
    1.968750980556445e-192,
    1.3437913340048656e-199,
    3.374258905182297e-207,
    3.116954678307748e-215,
    1.0592246778117832e-223,
    1.3241927671139747e-232,
    6.09003586796802e-242,
    1.0303719033666726e-251,
    6.413183741934932e-262,
    1.4684490285435951e-272,
    1.2369427167221671e-283,
    3.8330617640812203e-295,
    4.3696591832684166e-307,
    1.83254e-319,
    0,
    0,
    0,
    0,
    0,
    0,
    0,
    0,
    0,
    0,
    0,
    0,
    0,
    0,
    0,
    0,
    0,
    0,
    0,
    0,
    0,
    0,
    0,
    0,
    0,
    0,
    0,
    0,
    0,
    0,
    0,
    0,
    0,
    0,
    0,
    0,
    0,
    0,
    0,
    0,
    0,
    0,
    0,
    0,
    0,
    0,
    0,
    0,
    0,
    0,
    0,
    0,
    0,
    0,
    0,
    0,
    0
  ],
  [
    6.447259971397853e-148,
    3.910460843790794e-148,
    8.725417543292038e-149,
    7.162258870340695e-150,
    2.1628147727757972e-151,
    2.402670182362565e-153,
    9.819163877328582e-156,
    1.4762515815445414e-158,
    8.164916761583058e-162,
    1.6613022965869756e-165,
    1.2435151689617461e-169,
    3.42419924657574e-174,
    3.468745886817301e-179,
    1.2926812862242536e-184,
    1.772213155147806e-190,
    8.938115623708578e-197,
    1.6583702526291824e-203,
    1.1319377595559058e-210,
    2.842294758599614e-218,
    2.6255554757046796e-226,
    8.922340681386287e-235,
    1.1154289777714107e-243,
    5.129919639724262e-253,
    8.679300381632038e-263,
    5.402122080093652e-273,
    1.2369427167221671e-283,
    1.0419342140663154e-294,
    3.2287656838377816e-306,
    3.68077e-318,
    0,
    0,
    0,
    0,
    0,
    0,
    0,
    0,
    0,
    0,
    0,
    0,
    0,
    0,
    0,
    0,
    0,
    0,
    0,
    0,
    0,
    0,
    0,
    0,
    0,
    0,
    0,
    0,
    0,
    0,
    0,
    0,
    0,
    0,
    0,
    0,
    0,
    0,
    0,
    0,
    0,
    0,
    0,
    0,
    0,
    0,
    0,
    0,
    0,
    0,
    0,
    0,
    0,
    0,
    0,
    0,
    0,
    0
  ],
  [
    1.9978892591682797e-159,
    1.211781090396121e-159,
    2.703849087649254e-160,
    2.2194544863891904e-161,
    6.702171811387935e-163,
    7.445440345141375e-165,
    3.0427812949311816e-167,
    4.5746366544585886e-170,
    2.5301600326864212e-173,
    5.148075351866243e-177,
    3.853428604869563e-181,
    1.0610974160085758e-185,
    1.0749016141432062e-190,
    4.0057855100192635e-196,
    5.491768043066613e-202,
    2.769760375885671e-208,
    5.138989477934259e-215,
    3.507670393153745e-222,
    8.807757395837215e-230,
    8.136121557889549e-238,
    2.7648720065676156e-246,
    3.456512664202969e-255,
    1.5896693159682517e-264,
    2.6895582133317e-274,
    1.6740199291505965e-284,
    3.8330617640812203e-295,
    3.2287656838377816e-306,
    1.0005363e-317,
    0,
    0,
    0,
    0,
    0,
    0,
    0,
    0,
    0,
    0,
    0,
    0,
    0,
    0,
    0,
    0,
    0,
    0,
    0,
    0,
    0,
    0,
    0,
    0,
    0,
    0,
    0,
    0,
    0,
    0,
    0,
    0,
    0,
    0,
    0,
    0,
    0,
    0,
    0,
    0,
    0,
    0,
    0,
    0,
    0,
    0,
    0,
    0,
    0,
    0,
    0,
    0,
    0,
    0,
    0,
    0,
    0,
    0,
    0
  ],
  [
    2.277577478736661e-171,
    1.3814205707247834e-171,
    3.0823659317815624e-172,
    2.5301600326864212e-173,
    7.640421262685777e-175,
    8.48774133578892e-177,
    3.468745886817301e-179,
    5.2150485167208765e-182,
    2.8843618241609602e-185,
    5.868763959985969e-189,
    4.392877215839378e-193,
    1.2096424095361936e-197,
    1.2253790829474823e-202,
    4.566562846465088e-208,
    6.260570827905281e-214,
    3.157504263394736e-220,
    5.85840613772572e-227,
    3.99871567136016e-234,
    1.0040771674845592e-241,
    9.275112291372632e-250,
    3.151931562197481e-258,
    3.940396277136024e-267,
    1.8122100692384e-276,
    3.0660744514866706e-286,
    1.9083690810655691e-296,
    4.3696591832684166e-307,
    3.68077e-318,
    0,
    0,
    0,
    0,
    0,
    0,
    0,
    0,
    0,
    0,
    0,
    0,
    0,
    0,
    0,
    0,
    0,
    0,
    0,
    0,
    0,
    0,
    0,
    0,
    0,
    0,
    0,
    0,
    0,
    0,
    0,
    0,
    0,
    0,
    0,
    0,
    0,
    0,
    0,
    0,
    0,
    0,
    0,
    0,
    0,
    0,
    0,
    0,
    0,
    0,
    0,
    0,
    0,
    0,
    0,
    0,
    0,
    0,
    0,
    0
  ],
  [
    9.551694541948838e-184,
    5.793395591901789e-184,
    1.2926812862242536e-184,
    1.0610974160085758e-185,
    3.2042365519642367e-187,
    3.559585276348017e-189,
    1.4547211440156297e-191,
    2.1870847827662697e-194,
    1.2096424095361936e-197,
    2.4612396815443503e-201,
    1.8422829395581607e-205,
    5.07299308530466e-210,
    5.138989477934259e-215,
    1.915123143922262e-220,
    2.6255554757046796e-226,
    1.3241927671139747e-232,
    2.45689582254182e-239,
    1.6769796421644483e-246,
    4.210894465674775e-254,
    3.88979256585413e-262,
    1.3218556901053252e-270,
    1.652521679934798e-279,
    7.600038720443694e-289,
    1.2858489722913242e-298,
    8.003309966758546e-309,
    1.83254e-319,
    0,
    0,
    0,
    0,
    0,
    0,
    0,
    0,
    0,
    0,
    0,
    0,
    0,
    0,
    0,
    0,
    0,
    0,
    0,
    0,
    0,
    0,
